# Fix print output for fix EV
80.3044283375603 -3843.86450361593
80.9808760585931 -3843.86450361593
81.6611118769918 -3843.90639766907
82.3451463698132 -3843.94728498592
83.0329901141142 -3843.98717927075
83.7246536869517 -3844.02609403033
84.4201476653825 -3844.06404257522
85.1194826264635 -3844.10103803615
85.8226691472515 -3844.1370933703
86.5297178048035 -3844.17222135798
87.2406391761762 -3844.20643462392
87.9554438384266 -3844.23974562823
88.6741423686115 -3844.2721666826
89.3967453437878 -3844.3037099473
90.1232633410123 -3844.33438744155
90.853706937342 -3844.36421104135
91.5880867098336 -3844.3931924914
92.3264132355441 -3844.42134339805
93.0686970915302 -3844.4486752441
93.814948854849 -3844.47519938147
94.5651791025572 -3844.50092703895
95.3193984117116 -3844.52586932715
96.0776173593693 -3844.55003723483
96.839846522587 -3844.57344163313
97.6060964784216 -3844.5960932802
98.3763778039299 -3844.61800282127
99.1507010761689 -3844.6391807878
99.9290768721954 -3844.65963760168
100.711515769066 -3844.67938357648
101.498028343838 -3844.69842891687
102.288625173568 -3844.71678372202
103.083316835314 -3844.73445798382
103.88211390613 -3844.7514615898
104.685026963076 -3844.76780432207
105.492066583207 -3844.78349585937
106.303243343581 -3844.7985457758
107.118567821254 -3844.81296354308
107.938050593283 -3844.82675852823
108.761702236725 -3844.83993999592
109.589533328636 -3844.8525171065
110.421554446075 -3844.86449891632
111.257776166097 -3844.87589437812
112.09820906576 -3844.88671233903
112.94286372212 -3844.89696154057
113.791750712234 -3844.90665061795
114.64488061316 -3844.91578809793
115.502264001953 -3844.92438239835
116.363911455671 -3844.93244182697
117.229833551371 -3844.93997457878
118.100040866109 -3844.94698873455
118.974543976942 -3844.9534922595
119.853353460928 -3844.95949299963
120.736479895123 -3844.96499867997
121.623933856584 -3844.9700169024
122.515725922368 -3844.9745551412
123.411866669532 -3844.9786211789
124.312366675132 -3844.98222134842
125.217236516226 -3844.98536316815
126.126486769869 -3844.98805357397
127.040128013121 -3844.9902993596
127.958170823036 -3844.99210717182
128.880625776672 -3844.9934835082
129.807503451086 -3844.9944347141
130.738814423334 -3844.9949669799
131.674569270474 -3844.9950863398
132.614778569562 -3844.99479867082
133.559452897656 -3844.99410969255
134.508602831812 -3844.993024969
135.462238949086 -3844.99154991207
136.420371826537 -3844.98968978748
137.38301204122 -3844.98744972265
138.350170170193 -3844.98483471828
139.321856790512 -3844.9818496641
140.298082479234 -3844.97849935805
141.278857813417 -3844.97478853038
142.264193370117 -3844.97072187405
143.25409972639 -3844.96630407908
144.248587459295 -3844.96153987442
145.247667145886 -3844.95643407422
146.251349363223 -3844.9509916306
147.259644688361 -3844.94521768982
148.272563698357 -3844.93911765205
149.290116970268 -3844.93269723033
150.312315081151 -3844.92596250753
151.339168608062 -3844.91891998478
152.37068812806 -3844.91157661775
153.4068842182 -3844.903939834
154.447767455539 -3844.89601752455
155.493348417135 -3844.88781800415
156.543637680044 -3844.87934993402
157.598645821323 -3844.870622203
158.658383418028 -3844.86164376715
159.722861047218 -3844.85242345035
160.792089285948 -3844.8429697136
161.866078711275 -3844.83329040553
162.944839900257 -3844.8233925124
164.02838342995 -3844.8132819269
165.116719877411 -3844.80296325837
166.209859819697 -3844.79243970523
167.307813833865 -3844.7817130044
168.410592496971 -3844.7707834688
169.518206386073 -3844.75965011205
170.630666078228 -3844.74831085328
171.747982150491 -3844.73676278512
172.870165179921 -3844.7250024829
173.997225743574 -3844.71302632987
175.129174418506 -3844.70083083385
176.266021781775 -3844.68841291295
177.407778410438 -3844.67577013463
178.554454881551 -3844.66263986595
179.706061772172 -3844.64965935867
180.862609659357 -3844.63633686213
182.024109120162 -3844.62278899032
183.190570731646 -3844.60901810187
184.362005070864 -3844.59502746225
185.538422714874 -3844.58082114648
186.719834240733 -3844.56662533167
187.906250225497 -3844.55200033788
189.097681246223 -3844.53717561068
190.294137879968 -3844.52215731137
191.495630703789 -3844.50695184608
192.702170294743 -3844.49156577302
193.913767229887 -3844.47588313838
195.130432086277 -3844.46015667017
196.352175440971 -3844.4442694343
197.579007871025 -3844.42822791245
198.810939953496 -3844.41203845242
200.047982265441 -3844.39570724115
201.290145383917 -3844.3792402855
202.537439885981 -3844.3626433992
203.789876348689 -3844.3459221951
205.047465349099 -3844.32908208178
206.310217464267 -3844.3121282632
207.578143271251 -3844.29506574137
208.851253347106 -3844.27789932065
210.12955826889 -3844.26063361403
211.413068613661 -3844.24327304977
212.701794958473 -3844.22582187932
213.995747880386 -3844.20828418542
215.294937956455 -3844.19066389015
216.599375763737 -3844.17296476338
217.909071879289 -3844.15519043092
219.224036880168 -3844.13734438225
220.544281343431 -3844.11942997845
221.869815846135 -3844.1014504592
223.200650965336 -3844.0834089499
224.536797278092 -3844.0653084682
225.878265361459 -3844.04715193005
227.225065792494 -3844.02894215567
228.577209148254 -3844.0106818748
229.934706005796 -3843.99237373185
231.297566942177 -3843.9740202907
232.665802534454 -3843.95562403878
234.039423359683 -3843.93718739148
235.418439994922 -3843.91871269585
236.802863017227 -3843.90020223413
238.192703003654 -3843.8816582269
239.587970531262 -3843.8630828363
240.988676177107 -3843.84447816882
242.394830518245 -3843.82584627795
243.806444131734 -3843.8071891667
245.22352759463 -3843.78850878972
246.646091483991 -3843.76980705567
248.074146376873 -3843.75108582907
249.507702850333 -3843.7323469323
250.946771481428 -3843.71359214725
252.391362847214 -3843.69482321715
253.841487524749 -3843.67604184792
255.29715609109 -3843.65724970988
256.758379123293 -3843.63844843893
258.225167198415 -3843.619639638
259.697530893513 -3843.60082487825
261.175480785644 -3843.58200570033
262.659027451865 -3843.56318361545
264.148181469233 -3843.54436010647
265.642953414804 -3843.52553662895
267.143353865636 -3843.50671461208
268.649393398785 -3843.48789545977
270.161082591308 -3843.46908055145
271.678432020262 -3843.45027124287
273.201452262704 -3843.43146886722
274.730153895691 -3843.41267473567
276.264547496279 -3843.3938901383
277.804643641526 -3843.37511634485
279.350452908488 -3843.35635460533
280.901985874222 -3843.33760615102
282.459253115785 -3843.31887219493
284.022265210235 -3843.3001539325
285.591032734626 -3843.28145254235
287.165566266018 -3843.2627691869
288.745876381466 -3843.24410501298
290.331973658028 -3843.22546115235
291.92386867276 -3843.20683872252
293.521572002719 -3843.18823882713
295.125094224962 -3843.1696625565
296.734445916545 -3843.15111098845
298.349637654527 -3843.1325851885
299.970680015963 -3843.1140862106
301.597583577911 -3843.09561509762
303.230358917427 -3843.07717288185
304.869016611567 -3843.0587605854
306.513567237391 -3843.04037922082
308.164021371952 -3843.02202979145
309.82038959231 -3843.00371329198
311.48268247552 -3842.9854307088
313.15091059864 -3842.9671830205
314.825084538726 -3842.94897119825
316.505214872836 -3842.9307962062
318.191312178025 -3842.91265900195
319.883387031352 -3842.89456053685
321.581450009872 -3842.87650175645
323.285511690643 -3842.85848360077
324.995582650722 -3842.84050700478
326.711673467165 -3842.82257289855
328.433794717029 -3842.8046822078
330.161956977372 -3842.78683585407
331.896170825249 -3842.76903475505
333.636446837718 -3842.7512798248
335.382795591836 -3842.73357197423
337.13522766466 -3842.71591211112
338.893753633246 -3842.69830114055
340.658384074652 -3842.68073996498
342.429129565933 -3842.66322948462
344.206000684148 -3842.6457705976
345.989008006353 -3842.62836419997
347.778162109604 -3842.61101118625
349.573473570959 -3842.59371245075
351.374952967475 -3842.57646888755
353.182610876208 -3842.55928138685
354.996457874216 -3842.54215083755
356.816504538554 -3842.5250781275
358.642761446281 -3842.50806414358
360.475239174452 -3842.49110977165
362.313948300125 -3842.47421589688
364.158899400357 -3842.45738340337
366.010103052204 -3842.4406131746
367.867569832723 -3842.4239060932
369.731310318972 -3842.40726304085
371.601335088007 -3842.39068489857
373.477654716884 -3842.37417254635
375.360279782662 -3842.35772686325
377.249220862396 -3842.34134872725
379.144488533143 -3842.32503901522
381.046093371961 -3842.30879860277
382.954045955907 -3842.2926283641
384.868356862036 -3842.2765291718
386.789036667406 -3842.26050189678
388.716095949074 -3842.244547408
390.649545284097 -3842.2286665723
392.589395249531 -3842.2128602542
394.535656422434 -3842.19712931555
396.488339379862 -3842.18147461543
398.447454698872 -3842.16589700965
400.413012956521 -3842.15039735075
402.385024729867 -3842.13497648737
404.363500595965 -3842.11963526418
406.348451131872 -3842.10437452133
408.339886914646 -3842.0891950942
410.337818521344 -3842.0740978131
412.342256529021 -3842.05908350265
414.353211514736 -3842.0441529815
416.370694055545 -3842.02930706193
418.394714728504 -3842.01454654935
420.425284110671 -3841.99987224187
422.462412779103 -3841.98528492985
424.506111310856 -3841.9707853953
426.556390282987 -3841.95637441165
428.613260272554 -3841.94205274288
430.676731856612 -3841.92782114328
432.74681561222 -3841.91368035692
434.823522116433 -3841.89963111687
436.906861946309 -3841.88567414497
438.996845678904 -3841.871810151
441.093483891275 -3841.85803983238
443.19678716048 -3841.84436387328
445.306766063575 -3841.83078294445
447.423431177616 -3841.81729770233
449.546793079662 -3841.80390878855
451.676862346768 -3841.7906168295
453.813649555992 -3841.77742243555
455.95716528439 -3841.76432620057
458.107420109019 -3841.75132870142
460.264424606937 -3841.73843049725
462.428189355199 -3841.72563212898
464.598724930863 -3841.71293411883
466.776041910986 -3841.70033696962
468.960150872625 -3841.68784116438
471.151062392836 -3841.67544716567
473.348787048676 -3841.6631554152
475.553335417203 -3841.65096633325
477.764718075472 -3841.63888031812
479.982945600542 -3841.62689774582
482.208028569468 -3841.61501896945
484.439977559308 -3841.60324431888
486.678803147118 -3841.59157410022
488.924515909956 -3841.58000859555
491.177126424878 -3841.56854806245
493.436645268941 -3841.5571927337
495.703083019202 -3841.545942817
497.976450252718 -3841.53479849455
500.256757546545 -3841.52375992292
502.544015477742 -3841.51282723278
504.838234623363 -3841.51310721212
507.139425560467 -3841.50230696552
509.44759886611 -3841.4916127148
511.762765117349 -3841.48102437255
514.084934891241 -3841.47054181925
516.414118764842 -3841.4601649032
518.75032731521 -3841.44989344048
521.093571119402 -3841.43972721492
523.443860754474 -3841.42966597825
525.801206797484 -3841.41970924985
528.165619825487 -3841.40985604737
530.537110415541 -3841.40010583165
532.915689144703 -3841.39045806265
535.30136659003 -3841.38091216232
537.694153328578 -3841.37146751497
540.094059937405 -3841.36212346767
542.501096993567 -3841.35287933065
544.915275074121 -3841.34373437783
547.336604756124 -3841.33837925448
549.765096616633 -3841.3294045664
552.200761232705 -3841.32052672057
554.643609181396 -3841.31174485327
557.093651039764 -3841.30305806803
559.550897384865 -3841.29446543668
562.015358793756 -3841.28596600033
564.487045843494 -3841.27755877045
566.965969111137 -3841.26924272995
569.45213917374 -3841.2610168344
571.94556660836 -3841.2528800133
574.446261992055 -3841.2448311714
576.954235901882 -3841.23686919003
579.469498914897 -3841.2289929285
581.992061608157 -3841.22120122575
584.521934558718 -3841.2134929017
587.059128343639 -3841.20586675897
589.603653539976 -3841.1983215844
592.155520724785 -3841.1908561508
594.714740475123 -3841.18346921867
597.281323368048 -3841.17615953792
599.855279980616 -3841.16892584965
602.436620889884 -3841.16176688792
605.025356672908 -3841.15468138167
607.621497906747 -3841.14766805658
610.225055168456 -3841.14072563675
612.836039035093 -3841.13385284682
615.454460083714 -3841.1270484137
618.080328891376 -3841.1203110685
620.713656035136 -3841.1136395484
623.354452092051 -3841.1070325985
626.002727639179 -3841.10048897368
628.658493253574 -3841.09400744045
631.321759512296 -3841.0875867788
633.9925369924 -3841.08122578383
636.670836270943 -3841.07492326765
639.356667924982 -3841.06867806102
642.050042531574 -3841.062489015
644.750970667776 -3841.05635500255
647.459462910645 -3841.05027492015
650.175529837237 -3841.0442476892
652.89918202461 -3841.03827225755
655.63043004982 -3841.03234760078
658.369284489925 -3841.02647272355
661.115755921981 -3841.02064666078
663.869854923044 -3841.01486847888
666.631592070172 -3841.00913727665
669.400977940422 -3841.00345218645
672.17802311085 -3840.99781237485
674.962738158514 -3840.99221704367
677.75513366047 -3840.98666543053
680.555220193775 -3840.98115680953
683.363008335486 -3840.97569049165
686.17850866266 -3840.97026582538
689.001731752354 -3840.96488219682
691.832688181624 -3840.95953903005
694.671388527528 -3840.9542357872
697.517843367122 -3840.94897196845
700.372063277463 -3840.94374711205
703.234058835609 -3840.93856079405
706.103840618615 -3840.93341262808
708.981419203539 -3840.92830226505
711.866805167438 -3840.9232293926
714.760009087368 -3840.91819373467
717.661041540386 -3840.91319505077
720.56991310355 -3840.9082331354
723.486634353916 -3840.9033078171
726.41121586854 -3840.89841895772
729.343668224481 -3840.89356645148
732.284001998795 -3840.88875022377
735.232227768537 -3840.88397023035
738.188356110767 -3840.87922645598
741.152397602539 -3840.87451891333
744.124362820912 -3840.86984764165
747.104262342942 -3840.86521270555
750.092106745685 -3840.86061419363
753.0879066062 -3840.85605221693
756.091672501542 -3840.8515269078
759.103415008768 -3840.84703841813
762.123144704936 -3840.84258691803
765.150872167102 -3840.83817259435
768.186607972323 -3840.833795649
771.230362697656 -3840.82945629757
774.282146920158 -3840.82515476765
777.341971216886 -3840.8208912974
780.409846164896 -3840.8166661339
783.485782341245 -3840.81247953165
786.569790322991 -3840.80833175102
789.66188068719 -3840.80422305677
792.762064010899 -3840.8001537165
795.870350871175 -3840.79612399918
798.986751845074 -3840.79213417368
802.111277509654 -3840.78818450742
805.243938441972 -3840.78427526492
808.384745219083 -3840.78040670637
811.533708418046 -3840.77657908645
814.690838615918 -3840.772792653
817.856146389754 -3840.7690476457
821.029642316611 -3840.76534429502
824.211336973548 -3840.76168282102
827.40124093762 -3840.75806343222
830.599364785885 -3840.75448632462
833.805719095398 -3840.75095168072
837.020314443218 -3840.74745966853
840.243161406401 -3840.74401044075
843.474270562003 -3840.74060413395
846.713652487082 -3840.73724086778
849.961317758695 -3840.73392074435
853.217276953898 -3840.73064384743
856.481540649749 -3840.72741024203
859.754119423304 -3840.7242199738
863.03502385162 -3840.72107306855
866.324264511753 -3840.71796953185
869.621851980762 -3840.71490934868
872.927796835702 -3840.71189248317
876.24210965363 -3840.70891887823
879.564801011604 -3840.70598845553
882.89588148668 -3840.7031011152
886.235361655915 -3840.70025673587
889.583252096367 -3840.6974551746
892.939563385091 -3840.69469626682
896.304306099145 -3840.69197982647
899.677490815585 -3840.68930564607
903.059128111468 -3840.68667349692
906.449228563852 -3840.68408312923
909.847802749793 -3840.68153427232
913.254861246348 -3840.67902663502
916.670414630574 -3840.67655990582
920.094473479528 -3840.67413375335
923.527048370266 -3840.67174782665
926.968149879846 -3840.6694017556
930.417788585325 -3840.66709515138
933.875975063758 -3840.66482760685
937.342719892203 -3840.6625986972
940.818033647718 -3840.6604079802
944.301926907358 -3840.65825499697
947.79441024818 -3840.65613927238
951.295494247243 -3840.65406031565
954.805189481601 -3840.65201762088
958.323506528314 -3840.65001066775
961.850455964436 -3840.64803892203
965.386048367025 -3840.64610183618
968.930294313138 -3840.64419885005
972.483204379831 -3840.6423293914
976.044789144163 -3840.64049287668
979.615059183188 -3840.63868871147
983.194025073965 -3840.63691629128
986.781697393551 -3840.63517500215
990.378086719001 -3840.63346422123
993.983203627373 -3840.63178331747
997.597058695724 -3840.6301316523
1001.21966250111 -3840.62850858015
1004.85102562059 -3840.62691344925
1008.49115863122 -3840.62534560202
1012.14007211005 -3840.62380437597
1015.79777663415 -3840.6222891041
1019.46428278057 -3840.6207991156
1023.13960112636 -3840.61933373647
1026.82374224859 -3840.6178922901
1030.51671672431 -3840.61647409783
1034.21853513058 -3840.61507847958
1037.92920804445 -3840.61370475437
1041.64874604298 -3840.61235224097
1045.37715970323 -3840.6110202584
1049.11445960225 -3840.60970812645
1052.86065631711 -3840.6084151663
1056.61576042485 -3840.60714070102
1060.37978250254 -3840.6058840561
1064.15273312724 -3840.60464455997
1067.93462287599 -3840.60342154445
1071.72546232586 -3840.60221434543
1075.5252620539 -3840.60102230312
1079.33403263717 -3840.59984476282
1083.15178465273 -3840.59868107515
1086.97852867763 -3840.5975305967
1090.81427528893 -3840.59639269045
1094.65903506369 -3840.59526672625
1098.51281857896 -3840.59415208125
1102.37563641181 -3840.59304814045
1106.24749913928 -3840.59195429713
1110.12841733843 -3840.59086995323
